0.9340396966
0.0014073464
0.0005841543
0.0003677271
0.0002680074
0.0002106975
0.0001735097
0.0001474397
0.0001281556
0.0001133162
0.0001015455
0.0000919820
0.0000840589
0.0000773881
0.0000716947
0.0000667790
0.0000624919
0.0000587203
0.0000553766
0.0000523920
0.0000497116
0.0000472914
0.0000450951
0.0000430931
0.0000412608
0.0000395775
0.0000380258
0.0000365908
0.0000352598
0.0000340220
0.0000328679
0.0000317893
0.0000307790
0.0000298308
0.0000289392
0.0000280991
0.0000273063
0.0000265568
0.0000258473
0.0000251747
0.0000245360
0.0000239289
0.0000233510
0.0000228003
0.0000222749
0.0000217731
0.0000212933
0.0000208342
0.0000203945
0.0000199728
0.0000195682
0.0000191796
0.0000188061
0.0000184469
0.0000181010
0.0000177679
0.0000174468
0.0000171370
0.0000168381
0.0000165493
0.0000162703
0.0000160005
0.0000157395
0.0000154868
0.0000152421
0.0000150050
0.0000147752
0.0000145522
0.0000143359
0.0000141259
0.0000139220
0.0000137238
0.0000135312
0.0000133439
0.0000131617
0.0000129844
0.0000128118
0.0000126438
0.0000124800
0.0000123205
0.0000121649
0.0000120133
0.0000118653
0.0000117210
0.0000115801
0.0000114426
0.0000113082
0.0000111770
0.0000110488
0.0000109235
0.0000108010
0.0000106812
0.0000105640
0.0000104494
0.0000103372
0.0000102274
0.0000101199
0.0000100146
