0.0998334166468
0.198669330795
0.295520206661
0.389418342309
0.479425538604
0.564642473395
0.644217687238
0.7173560909
0.783326909627
0.841470984808
0.891207360061
0.932039085967
0.963558185417
0.985449729988
0.997494986604
0.999573603042
0.991664810452
0.973847630878
0.946300087687
0.909297426826
0.863209366649
0.80849640382
0.745705212177
0.675463180551
0.598472144104
0.515501371821
0.427379880234
0.334988150156
0.239249329214
0.14112000806
0.0415806624333
-0.0583741434276
-0.157745694143
-0.255541102027
-0.35078322769
-0.442520443295
-0.529836140908
-0.611857890943
-0.687766159184
-0.756802495308
-0.818277111064
-0.871575772414
-0.916165936749
-0.95160207389
-0.977530117665
-0.993691003633
-0.999923257564
-0.996164608836
-0.982452612624
-0.958924274663
-0.925814682328
-0.88345465572
-0.832267442224
-0.772764487556
-0.70554032557
-0.631266637872
-0.550685542598
-0.464602179414
-0.37387666483
-0.279415498199
-0.182162504272
-0.0830894028175
0.0168139004843
0.11654920485
0.215119988088
0.311541363513
0.404849920617
0.494113351139
0.578439764388
0.656986598719
0.728969040126
0.793667863849
0.850436620629
0.898708095812
0.937999976775
0.967919672031
0.988168233877
0.998543345375
0.99894134184
0.989358246623
0.969889810845
0.94073055668
0.902171833756
0.854598908088
0.798487112623
0.734397097874
0.662969230082
0.584917192892
0.501020856458
0.412118485242
0.319098362349
0.2228899141
0.124454423507
0.0247754254534
-0.0751511204618
-0.174326781223
-0.271760626411
-0.366479129252
-0.457535893775
-0.544021110889
-0.625070648893
-0.699874687594
-0.767685809764
-0.827826469086
-0.879695759972
-0.922775421613
-0.95663501627
-0.980936230066
-0.995436253306
-0.999990206551
-0.994552588204
-0.979177729151
-0.954019249902
-0.919328525665
-0.875452174688
-0.822828594969
-0.761983583919
-0.693525084777
-0.618137112237
-0.536572918
-0.449647464535
-0.358229282237
-0.263231791366
-0.165604175448
-0.0663218973512
0.0336230472211
0.13323204142
0.231509825102
0.327474439138
0.420167036827
0.508661464372
0.592073514707
0.669569762197
0.740375889952
0.803784426552
0.859161814856
0.905954742308
0.943695669444
0.972007501395
0.990607355695
0.999309388748
0.998026652716
0.986771964275
0.965657776549
0.934895055525
0.894791172141
0.845746831143
0.788252067375
0.722881349512
0.650287840157
0.57119686966
0.486398688854
0.396740573131
0.303118356746
0.206467481938
0.107753652299
0.00796318378594
-0.0919068502277
-0.190858581374
-0.287903316665
-0.382071417184
-0.472421986398
-0.558052271287
-0.638106682348
-0.711785342369
-0.778352078534
-0.83714177802
-0.887567033582
-0.929124012734
-0.96139749188
-0.984065005082
-0.996900066042
-0.999774431073
-0.992659380471
-0.975626005468
-0.948844497918
-0.912582449791
-0.867202179486
-0.813157111661
-0.750987246772
-0.681313765555
-0.604832822406
-0.522308589627
-0.434565622072
-0.34248061847
-0.246973661737
-0.148999025814
-0.0495356408784
0.0504226878068
0.149877209663
0.247834207983
0.34331492882
0.435365360373
0.523065765158
0.60553986972
0.681963620068
0.751573415352
0.813673737507
0.867644100642
0.912945250728
0.949124553648
0.975820517767
0.992766405836
0.999792900143
0.996829794279
0.983906694619
0.961152724502
0.928795234077
0.887157528692
0.836655638536
0.777794161801
0.711161222906
0.63742259615
0.557315053518
0.471639003094
0.381250491655
0.287052651328
0.189986675795
0.0910224161998
-0.0088513092904
-0.108636595424
-0.207336420607
-0.303964608811
-0.397555683121
-0.487174512461
-0.57192565511
-0.650962305666
-0.723494756044
-0.788798285975
-0.846220404175
-0.89518736782
-0.935209915195
-0.965888154236
-0.986915558121
-0.998082027979
-0.999275992137
-0.990485520897
-0.971798445744
-0.943401481755
-0.905578362007
-0.85870700261
-0.803255726694
-0.739778585078
-0.668909820378
-0.591357529865
-0.507896590391
-0.419360916073
-0.326635126105
-0.230645705927
-0.132351750098
-0.0327353793308
0.0672080725255
0.166480003537
0.264088521384
0.359058354022
0.450440594275
0.537322181006
0.61883502212
0.694164668252
0.76255845048
0.823333000738
0.875881079811
0.919677644662
0.954285094493
0.979357643104
0.994644773878
0.999993742857
0.995351104912
0.980763247745
0.956375928405
0.922432816923
0.879273061651
0.827327900595
0.767116352636
0.699240031655
0.624377135416
0.543275669232
0.456745972144
0.365652620283
0.270905788308
0.173452155246
0.0742654455844
-0.0256632998606
-0.125335626096
-0.223755640187
-0.319939961884
-0.412927549241
-0.501789301021
-0.585637339974
-0.663633884213
-0.734999618049
-0.79902147866
-0.855059780777
-0.90255460821
-0.941031408343
-0.970105733707
-0.989487083255
-0.998981804947
-0.998495030664
-0.988031624093
-0.967696132134
-0.9376917403
-0.898318242557
-0.849969045879
-0.793127239457
-0.728360767832
-0.656316756178
-0.577715044446
-0.493340994957
-0.404037645323
-0.310697285094
-0.214252540296
-0.115667054937
-0.0159258626001
0.0839744556917
0.183035728981
0.280268169769
0.374700263649
0.465388476355
0.551426681242
0.631955213007
0.70616945718
0.773327889566
0.832759485308
0.883870423546
0.926150020681
0.959175832953
0.982617877364
0.996241928755
0.999911860107
0.99359100268
0.977342512392
0.951328738787
0.915809602891
0.871140000169
0.817766254526
0.756221658786
0.687121146205
0.611155146263
0.52908268612
0.441723806669
0.349951368957
0.254682332844
0.156868595048
0.0574874781049
-0.042468034717
-0.141999220974
-0.240111597954
-0.335824859217
-0.428182669496
-0.51626222008
-0.599183449214
-0.676117835388
-0.746296675645
-0.809018766212
-0.863657408693
-0.909666671834
-0.946586846285
-0.974049037868
-0.991778853443
-0.999599142553
-0.997431767454
-0.985298383841
-0.963320224474
-0.931716887855
-0.890804144077
-0.840990779752
-0.782774513551
-0.716737023161
-0.643538133357
-0.56390922325
-0.478645918588
-0.388600142127
-0.2946716015
-0.197798799636
-0.0989496575503
0.000888156805718
0.100717096993
0.199539705239
0.296368578709
0.390236235308
0.480204780438
0.565375278137
0.644896732945
0.717974592772
0.783878687798
0.841950526092
0.891609873041
0.932360548866
0.963795386284
0.985600298791
0.997557418908
0.999547275044
0.991549985214
0.973645455695
0.946012582627
0.908927464543
0.862760643686
0.807973403667
0.745113160479
0.674807992894
0.597760366905
0.514740116924
0.426576753845
0.334151176848
0.238386871749
0.140240683827
0.0406932573499
-0.0592607627034
-0.158622668805
-0.256399669633
-0.351614809717
-0.44331673085
-0.53058917775
-0.612560152975
-0.688410629638
-0.757382734847
-0.818787322127
-0.872010857139
-0.916521547916
-0.951874658347
-0.97771695184
-0.993790220741
-0.999933866259
-0.99608650312
-0.982286572904
-0.958671959952
-0.925478613671
-0.883038191005
-0.831774742629
-0.772200475972
-0.704910637414
-0.63057756478
-0.54994396956
-0.463815515984
-0.373052771089
-0.27856260622
-0.18128913587
-0.0822042844004
0.0177019251054
0.117431262827
0.215987266188
0.312385196181
0.405661876555
0.494885317553
0.579164028044
0.657655923014
0.729576737393
0.794207862178
0.850903524534
0.899097240145
0.938307473334
0.968142448412
0.988304064172
0.998590872412
0.998900090745
0.989228629564
0.969673122912
0.940428962947
0.901788347649
0.854137361273
0.797952116723
0.73379399839
0.662304052986
0.584196584413
0.500252016679
0.411309096155
0.318256511102
0.222024012193
0.123573122745
0.0238875315027
-0.0760367360584
-0.175201269687
-0.272615250143
-0.367305349134
-0.458325454492
-0.54476612341
-0.625763669299
-0.700508791455
-0.768254661324
-0.828324384568
-0.880117764369
-0.923117298396
-0.95689334952
-0.981108438603
-0.995520616479
-0.999985881429
-0.994459618005
-0.978997042801
-0.953752652759
-0.91897868148
-0.875022578989
-0.822323540133
-0.761408116289
-0.692884954234
-0.617438714753
-0.535823231734
-0.448853980102
-0.357399927872
-0.262374853704
-0.164728216727
-0.0654356698607
0.0345106885888
0.134112227646
0.232373761655
0.328313493851
0.420972826143
0.50942593711
0.592789032508
0.670229175843
0.740972610802
0.804312492366
0.859615949377
0.906330407973
0.943989112725
0.972215790305
0.990728409079
0.999341997081
0.997970490187
0.98662759204
0.96542663713
0.934579458388
0.89439427063
0.845272590966
0.787705226984
0.722267372755
0.649612861686
0.570467633637
0.485622481565
0.395925150182
0.302271865574
0.205598380403
0.106870624176
0.00707505199993
-0.0927912117573
-0.191730336399
-0.288753754898
-0.382892041326
-0.473204597046
-0.558789048852
-0.638790265193
-0.71240890036
-0.778909381286
-0.837627257147
-0.887975838338
-0.929452058477
-0.961641500885
-0.984222539292
-0.996969551427
-0.999755173359
-0.992551572073
-0.975430723573
-0.948563693718
-0.912218928989
-0.866759574261
-0.812639844379
-0.750400485795
-0.680663373607
-0.604125297987
-0.521551002087
-0.433765540976
-0.341646037963
-0.246112920672
-0.148120724432
-0.0486485548751
0.0513096949607
0.150755275285
0.248694558732
0.344148968356
0.436164755248
0.523822528083
0.606246439369
0.682612936632
0.752158991074
0.814189721508
0.86808533738
0.913307331512
0.949403860687
0.976014260316
0.992872648085
0.999810580553
0.996758736194
0.983747608028
0.960907198946
0.928465722765
0.886747323993
0.836168839079
0.777235631526
0.710536542463
0.636738007139
0.556577396126
0.47085564775
0.380429265387
0.286201759557
0.189114620351
0.0901379103715
-0.00973942781276
-0.109519452854
-0.208205195724
-0.304810621102
-0.398370479511
-0.487949951773
-0.572653989411
-0.651636257682
-0.724107591867
-0.789343882354
-0.84669330969
-0.895582857355
-0.93552403715
-0.966117770008
-0.987058373465
-0.998136615933
-0.999241807274
-0.990362904782
-0.971588623516
-0.943106549889
-0.905201267364
-0.858251512996
-0.80272639321
-0.739180696649
-0.668249350908
-0.590641078547
-0.507131315769
-0.418554464518
-0.325795555415
-0.229781404815
-0.131471354374
-0.0318476856182
0.0680941946845
0.167355700303
0.264945043084
0.359887142574
0.451233368698
0.538071020161
0.619532443852
0.694803704155
0.763132715517
0.823836757044
0.876309294019
0.920026038197
0.954550186322
0.979536784517
0.994736174953
0.999996490346
0.995265171361
0.980589491776
0.956116086128
0.922089484597
0.878849669739
0.82682867949
0.766546290389
0.69860482414
0.623683129417
0.542529799027
0.455955690221
0.364825822878
0.270050736508
0.172577392446
0.0733797121246
-0.026551154024
-0.126216729818
-0.22462118977
-0.320781309043
-0.413736287513
-0.50255734976
-0.586357025093
-0.664298014854
-0.735601558439
-0.799555214409
-0.855519978975
-0.902936670709
-0.941331517699
-0.970320891328
-0.989615139356
-0.999021480035
-0.998445928318
-0.987894234927
-0.967471828895
-0.937382764153
-0.897927680689
-0.849500800655
-0.792585989429
-0.72775192099
-0.655646395919
-0.576989868789
-0.492568249616
-0.403225051315
-0.30985296159
-0.213384923497
-0.114784813783
-0.0150378121532
0.084859442325
0.183908809306
0.281120620257
0.375523566897
0.466174406187
0.552167384908
0.632643289641
0.706798031748
0.773890681558
0.833250871492
0.884285494154
0.926484628465
0.959426634623
0.982782366993
0.996318462816
0.999899673897
0.99349021796
0.977154136169
0.951054653254
0.915452546621
0.87070354075
0.817254752916
0.755640225739
0.686475591209
0.610451919489
0.528328813979
0.440926821602
0.349119234174
0.253823362762
0.155991372212
0.0566007674348
-0.0433553735009
-0.142878321876
-0.240973677288
-0.336661303372
-0.428985120998
-0.517022661099
-0.599894281675
-0.676771956887
-0.746887550417
-0.809540490432
-0.864104769464
-0.910035199276
-0.946872858193
-0.974249676506
-0.991892114096
-0.999623893558
-0.997367761506
-0.985146260468
-0.963081503642
-0.931393954783
-0.890400225406
-0.840509911304
-0.782221500004
-0.716117390043
-0.642858071839
-0.563175528281
-0.477865921006
-0.387781635409
-0.293822763896
-0.19692811245
-0.0980658204
0.00177631291084
0.10160069789
0.200409922281
0.297216716975
0.39105382048
0.480983643476
0.566107636898
0.645575269943
0.718592528289
0.784429847628
0.842429403227
0.892011682699
0.932681276298
0.964031826887
0.985750090129
0.997619064316
0.999520158581
0.991434377819
0.973442512478
0.94572433133
0.908556785279
0.862311240157
0.807449766167
0.74452052102
0.674152272933
0.59704811818
0.513978455988
0.425773290962
0.333313939955
0.237524226239
0.139361248969
0.0398058201667
-0.060147335233
-0.159499518341
-0.257258034985
-0.352446114382
-0.444112668708
-0.531341796051
-0.613261931807
-0.689054557057
-0.757962376945
-0.819296887311
-0.872445254003
-0.916876436109
-0.952146491944
-0.97790301477
-0.993888653923
-0.999943686183
-0.996007611668
-0.982119758333
-0.958418889019
-0.925141814976
-0.88262102973
-0.831281386911
-0.771635855258
-0.704280393209
-0.629887994274
-0.549201962715
-0.463028486686
-0.372228583075
-0.277709494504
-0.180415624462
-0.0813191011388
0.0185899357628
0.118313228171
0.216854373913
0.313228782433
0.406473512499
0.49565689359
0.579887834843
0.658324728535
0.730183859153
0.794747234017
0.851369757228
0.899485675249
0.938614229734
0.9683644611
0.98843911487
0.998637611738
0.998858051695
0.989098232179
0.969455670079
0.940126627383
0.90140415019
0.853675140694
0.797416491379
0.733190320073
0.66163835345
0.583475515107
0.499482782289
0.410499382617
0.317414408808
0.221157935148
0.122691724506
0.0229996187091
-0.0769222916754
-0.176075619949
-0.27346965883
-0.368131279278
-0.459114653671
-0.545510706207
-0.62645619609
-0.701142342739
-0.768822906867
-0.828821646649
-0.880539074509
-0.923458447004
-0.957150927952
-0.981279873219
-0.995604194361
-0.999980767497
-0.994365863353
-0.978815584196
-0.953485303275
-0.918628112384
-0.874592293053
-0.821817836631
-0.760832048042
-0.692244277127
-0.61673983022
-0.535073122797
-0.448060141603
-0.356570291582
-0.261517709075
-0.163852128065
-0.0645493907531
0.0353983027337
0.134992308081
0.233237514908
0.329152289584
0.421778283386
0.510190008002
0.593504082704
0.670888060798
0.741568747155
0.80483992372
0.860069405812
0.906705358703
0.944281811366
0.972423312308
0.990848680954
0.999373817111
0.997913540436
0.986482441532
0.96519473616
0.934263124035
0.893996663601
0.84479768402
0.787157765233
0.721652826256
0.648937370786
0.569737947617
0.484845891206
0.395109414918
0.301425135963
0.204729116687
0.105987511751
0.00618691463297
-0.0936755000911
-0.192601940183
-0.289603965355
-0.383712363435
-0.473986834418
-0.559525385631
-0.639473344145
-0.713031896386
-0.779466069616
-0.838112075535
-0.888383942638
-0.929779371048
-0.961884751326
-0.984379297125
-0.99703825038
-0.999735127015
-0.992442980728
-0.975234672237
-0.94828214127
-0.911854688608
-0.866316285316
-0.812121936068
-0.749813132886
-0.680012444736
-0.60341729702
-0.520793003136
-0.432965117715
-0.340811187958
-0.245251985468
-0.147242306208
-0.0477614304967
0.0521966616403
0.151633221988
0.249554713305
0.344982736419
0.436963806066
0.524578877804
0.606952530798
0.683261714736
0.752743973477
0.814705063258
0.868525889354
0.913668691859
0.949682418814
0.976207232964
0.992978107133
0.99982747229
0.996686891843
0.983587745434
0.960660915404
0.928135479059
0.886336419808
0.835681380034
0.77667648815
0.709911301532
0.636052915855
0.555839299693
0.470071920985
0.379607739028
0.285350642023
0.188242415728
0.0892533334403
-0.0106275386524
-0.110402223892
-0.209073806604
-0.305656392952
-0.399184961658
-0.488725006179
-0.57338187199
-0.652309695671
-0.724719856498
-0.789888856079
-0.847165547313
-0.895977640434
-0.935837421142
-0.966346623685
-0.987200410196
-0.998190416533
-0.999206834186
-0.990239507446
-0.971378034877
-0.942810874079
-0.904823458678
-0.857795346373
-0.802196426517
-0.738582225138
-0.667588354308
-0.589924161317
-0.50636564111
