1.000000000000
0.998334166468
0.993346653975
0.985067355538
0.973545855772
0.958851077208
0.941070788992
0.920310981768
0.896695113624
0.870363232919
0.841470984808
0.810188509147
0.776699238306
0.741198604167
0.703892664277
0.664996657736
0.624733501901
0.583332241443
0.541026461599
0.49805267773
0.454648713413
0.411052079357
0.367498365373
0.324219657468
0.281442991896
0.239388857642
0.198269758393
0.158288844531
0.119638625056
0.0824997686945
0.0470400026866
0.013413116914
-0.0182419198211
-0.047801725498
-0.075159147655
-0.10022377934
-0.12292234536
-0.143198957002
-0.161015234459
-0.176350297227
-0.189200623827
-0.199579783186
-0.207518041051
-0.213061845756
-0.216273198611
-0.217228915037
-0.216019783399
-0.212749629269
-0.207534293507
-0.200500533189
-0.191784854933
-0.181532290652
-0.1698951261
-0.157031592872
-0.143104534733
-0.128280059195
-0.112726185334
-0.0966114987013
-0.0801038240369
-0.0633689262424
-0.0465692496998
-0.0298627056184
-0.0134015165835
0.00266887309275
0.0182108132579
0.0330953827827
0.047203236896
0.0604253612861
0.0726637281086
0.0838318499113
0.0938552283884
0.102671695792
0.110231647757
0.116498167209
0.121447039975
0.12506666357
0.127357851583
0.128333536867
0.128018377612
0.126448271119
0.123669780828
0.11973948282
0.114723238619
0.108695401657
0.101737965249
0.0939396603086
0.0853950113807
0.0762033597796
0.0664678628286
0.0562944782537
0.0457909428046
0.0350657541043
0.0242271645761
0.013382196076
0.00263568355887
-0.00791064425914
-0.0181590397107
-0.0280165594238
-0.0373958295155
-0.046215746846
-0.0544021110889
-0.0618881830587
-0.0686151654503
-0.0745326028897
-0.0795986989505
-0.0837805485687
-0.0870542850578
-0.0894051417075
-0.0908274287099
-0.0913244269088
-0.0909082005955
-0.0895993322706
-0.0874265829599
-0.0844264822922
-0.0806428531285
-0.0761262760599
-0.0709334995663
-0.0651268020444
-0.0587733122692
-0.051944295146
-0.0447144098334
-0.0371609474822
-0.0293630559211
-0.0214009586476
-0.0133551754394
-0.0053057517881
0.0026684958112
0.0104907119228
0.0180867050861
0.025385615437
0.0323205412944
0.0388291194177
0.0448540541445
0.0503435911426
0.055251932086
0.059539587152
0.0631736628571
0.0661280833802
0.0683837441626
0.0699285972227
0.0707576682639
0.0708730062942
0.0702835670927
0.0690050324668
0.0670595678159
0.0644755210707
0.061287066585
0.0575337980369
0.0532602748227
0.0485155268129
0.0433525226771
0.0378276072623
0.0319999137404
0.0259307564138
0.0196830101783
0.0133204827057
0.00690728540381
0.00050720915834
-0.00581688925492
-0.0120036843632
-0.0179939572916
-0.0237311439245
-0.0291618510123
-0.0342363356618
-0.0389089440456
-0.0431385055981
-0.0468886794298
-0.0501282501808
-0.0528313710465
-0.0549777522328
-0.05655279364
-0.0575476611159
-0.0579593061652
-0.0577904295418
-0.0570493896822
-0.0557500574553
-0.0539116191999
-0.0515583304967
-0.0487192235666
-0.0454277716012
-0.0417215137095
-0.0376416445058
-0.0332325726597
-0.0285414529851
-0.0236176968517
-0.0185124658632
-0.0132781538568
-0.00796786234301
-0.00263487451481
0.00266786707973
0.00788827419279
0.0129756129834
0.017880985876
0.0225577906929
0.0269621528432
0.0310533266523
0.0347940622484
0.0381509347894
0.0410946332074
0.0436002060624
0.0456472625364
0.0472201270472
0.0483079464241
0.048904749056
0.0490094558893
0.0486258436234
0.0477624609038
0.0464324987682
0.0446536170229
0.0424477286456
0.0398407446922
0.0368622825498
0.0335453407031
0.0299259434812
0.0260427595102
0.0219366978183
0.0176504857248
0.0132282327801
0.00871498512823
0.00415627471232
-0.000402332240473
-0.00491568305086
-0.00933947840571
-0.0136306999467
-0.0177480215679
-0.0216522005538
-0.0253064449164
-0.0286767535536
-0.0317322261423
-0.0344453399989
-0.0367921914859
-0.0387526999056
-0.0403107722067
-0.0414544272204
-0.0421758785522
-0.0424715756587
-0.0423422030566
-0.0417926380125
-0.0408318674682
-0.0394728653454
-0.0377324317503
-0.0356309959589
-0.0331923854006
-0.0304435631719
-0.0274143369007
-0.0241370420353
-0.0206462028614
-0.0169781747398
-0.0131707712139
-0.00926287975612
-0.00529407000391
-0.00130419837971
0.00266698700498
0.00658023729396
0.0103971858813
0.0140807197656
0.0175953357139
0.0209074778602
0.0239858535705
0.0268017246429
0.0293291711723
0.0315453256988
0.0334305755653
0.0349687317362
0.0361471626702
0.0369568921926
0.0373926606721
0.0374529491707
0.0371399666012
0.0364596002879
0.0354213306816
0.0340381113256
0.0323262155019
0.0303050513039
0.0279969471765
0.025426910242
0.0226223599789
0.0196128400445
0.0164297112282
0.013105828684
0.00967520672528
0.00617267456391
0.00263352643916
-0.000906830383765
-0.004413226271
-0.00785107509427
-0.011186711954
-0.0143877194857
-0.0174232396188
-0.0202642678192
-0.0228839270418
-0.0252577188333
-0.0273637492692
-0.0291829276716
-0.0306991363337
-0.0318993697743
-0.032773842355
-0.0333160634092
-0.0335228793606
-0.0333944826309
-0.0329343874698
-0.0321493731606
-0.0310493953742
-0.0296474667511
-0.0279595080881
-0.0260041717855
-0.0238026394716
-0.0213783959667
-0.0187569819625
-0.0159657279921
-0.0130334724298
-0.00999026640175
-0.00686706859923
-0.00369543306509
-0.000507193076436
0.00266585573625
0.00579226990445
0.00884126718514
0.0117830271588
0.01458898045
0.0172320837888
0.0196870782868
0.0219307284839
0.0239420399247
0.0257024532502
0.0271960130322
0.0284095098368
0.0293325942799
0.0299578621148
0.0302809096886
0.0303003593972
0.0300178550659
0.0294380274817
0.0285684305942
0.0274194491883
0.0260041791095
0.0243382813847
0.0224398118334
0.0203290279942
0.018028175406
0.0155612554741
0.0129537773217
0.0102324961683
0.00742514089924
0.00456013357699
0.00166630371319
-0.00122739984731
-0.00409219656986
-0.00689975856189
-0.00962248880278
-0.012233790557
-0.0147083253584
-0.01702225708
-0.019153479756
-0.0210818269956
-0.0227892610201
-0.02426003957
-0.025480859155
-0.0264409733599
-0.0271322851774
-0.0275494125956
-0.0276897269405
-0.0275533637418
-0.0271432061664
-0.0264648413317
-0.0255264900782
-0.0243389110404
-0.0229152801022
-0.0212710465639
-0.0194237675653
-0.0173929225232
-0.0151997095216
-0.0128668257685
-0.0104182343734
-0.00787891982621
-0.00527463465697
-0.00263163982847
2.35585359607e-05
0.00266447346541
0.00526489987437
0.00779917312393
0.0102424208742
0.0125708057706
0.0147617566093
0.0167941857538
0.0186486907213
0.0203077380259
0.0217558275476
0.0229796359031
0.023968137503
0.0247127022124
0.025207168767
0.0254478933395
0.0254337729019
0.0251662432795
0.0246492520429
0.023889206632
0.0228948983512
0.0216774031077
0.0202499599917
0.018627829012
0.0168281294986
0.0148696608683
0.012772707616
0.0105588305407
0.00825064634194
0.00587159782633
0.00344571704735
0.000997383758575
-0.00144891840351
-0.0038688455806
-0.00623843478426
-0.00853434004167
-0.0107340612797
-0.0128161637138
-0.0147604856139
-0.0165483324432
-0.0181626555119
-0.019588213448
-0.0208117149675
-0.021821941617
-0.0226098493669
-0.0231686481479
-0.0234938586463
-0.0235833459023
-0.0234373294852
-0.023058370256
-0.0224513339567
-0.0216233320951
-0.020583640816
-0.0193435986658
-0.0179164843613
-0.0163173758661
-0.0145629922582
-0.012671520036
-0.0106624256548
-0.00855625621763
-0.00637443034827
-0.00413902136689
-0.00187253495217
0.000402316479668
0.00266284042692
0.00488658973277
0.00705158456392
0.00913652875125
0.011121018372
0.0129857405391
0.0147126604701
0.0162851950311
0.0176883710953
0.0189089672119
0.0199356372538
0.0207590148968
0.0213717979782
0.0217688119862
0.0219470521409
0.0219057037444
0.0216461406907
0.021171902247
0.0204886484302
0.0196040945141
0.0185279254072
0.0172716908382
0.0158486824706
0.0142737942454
0.0125633674067
0.0107350218171
0.00880747529239
0.00680035280134
0.0047339874668
0.00262921537756
0.000507166273944
-0.00161094779785
-0.0037040437566
-0.0057513765853
-0.0077327441923
-0.00962868601873
-0.0114206734468
-0.0130912901527
-0.0146244006567
-0.0160053054442
-0.017220881176
-0.018259704655
-0.0191121593871
-0.0197705237504
-0.0202290399712
-0.020483963302
-0.0205335909944
-0.0203782708607
-0.0200203894233
-0.0194643398522
-0.0187164700912
-0.0177850117681
-0.0166799906721
-0.0154131197629
-0.0139976758431
-0.0124483611845
-0.0107811515439
-0.00901313213056
-0.00716232320385
-0.00524749707408
-0.00328798835783
-0.00130349939962
0.000686097188644
0.00266095689773
0.00460146062684
0.0064884089694
0.008303211561
0.0100280696282
0.011646149951
0.0131417485459
0.0145004424814
0.0157092283665
0.0167566461867
0.0176328873146
0.018329885684
0.018841391285
0.0191630253207
0.019292316546
0.0192287185007
0.0189736075392
0.0185302617491
0.0179038210419
0.0171012288839
0.0161311563162
0.0150039090854
0.0137313188737
0.0123266197663
0.0108043112431
0.0091800091033
0.00747028585249
0.00569250217653
0.00386463121058
0.00200507737667
0.000132491610486
-0.00173441517303
-0.00357705851491
-0.00537716489567
-0.00711695244101
-0.00877930606764
-0.0103479453491
-0.0118075834601
-0.0131440756524
-0.0143445558248
-0.015397559874
-0.0162931346484
-0.0170229314739
-0.01758028338
-0.0179602653155
-0.0181597368202
-0.0181773667883
-0.0180136401465
-0.0176708464415
-0.0171530505193
-0.0164660456496
-0.0156172896263
-0.0146158245392
-0.0134721810735
-0.0121982683442
-0.0108072504112
-0.00931341075155
-0.007732006078
-0.00607911099578
-0.0043714550741
-0.00262625397928
-0.000861036369471
0.000906531713087
0.00265882319727
0.00437842532979
0.00604831227338
0.00765201324996
0.00917377457237
0.010598713975
0.0119129657353
0.0131038151755
0.0141598212436
0.0150709259962
0.0158285499396
0.0164256723302
0.0168568956877
0.0171184939325
0.0172084437272
0.0171264387662
0.0168738869301
0.0164538903929
0.0158712089362
0.0151322068941
0.0142447843114
0.0132182930532
0.0120634387515
0.0107921696125
0.00941755323394
0.00795364269849
0.00641533331175
0.00481821144035
0.00317839698069
0.0015123810465
-0.000163139494351
-0.00183142897749
-0.00347587972828
-0.00508017701837
-0.00662846055759
-0.00810548092646
-0.0094967494098
-0.0107886797629
-0.0119687205267
-0.0130254766065
-0.0139488189405
-0.0147299812065
-0.0153616426461
-0.0158379962296
-0.0161548015297
-0.016309421829
-0.0163008451431
-0.016129689003
-0.0157981890003
-0.0153101712644
-0.0146710091955
-0.0138875649352
-0.0129681162069
-0.0119222693008
-0.0107608591129
-0.00949583727567
-0.0081401495308
-0.00670760359805
-0.00521272888663
-0.00367062946988
-0.00209683180819
-0.000507128751881
0.00108257861184
0.00265643968735
0.00419881209325
0.00569441681288
0.00712848923694
0.00848692460821
0.00975641643861
0.0109245865433
0.0119801054241
0.0129128018345
0.0137137604698
0.0143754068468
0.0148915785698
0.0152575823133
0.0154702360024
0.0155278958128
0.015430467773
0.0151794038975
0.0147776829386
0.0142297759969
0.0135415973766
0.0127204412229
0.0117749046143
0.0107147979163
0.00955104332951
0.00829556267625
0.0069611555759
0.00556136925119
0.00411036128627
0.0026227567241
0.00111350094271
-0.000402290212484
-0.00190948154037
-0.00339306933187
-0.00483833045314
-0.00623096818543
-0.00755725337986
-0.00880415953593
-0.00995949047758
-0.0110119993778
-0.0119514979732
-0.0127689549101
-0.0134565822758
-0.0140079094896
-0.0144178438533
-0.0146827172011
-0.0148003182227
-0.0147699101822
-0.0145922338985
-0.0142694960014
-0.0138053426238
-0.0132048188337
-0.0124743142534
-0.0116214954462
-0.0106552257832
-0.00958547362455
-0.00842320976334
-0.00718029518391
-0.00586936028116
-0.0045036767673
-0.00309702356309
-0.00166354802584
-0.000217623909597
0.00122629251915
0.0026538067721
0.00405072939852
0.00540321678988
0.00669790813487
0.00792205717228
0.00906365744471
0.0101115598247
0.0110555811651
0.011886603017
0.0125966594609
0.0131790132072
0.0136282192418
0.0139401754183
0.01411215953
0.0141428525304
0.0140323477113
0.0137821457852
0.0133951359613
0.0128755632436
0.0122289823139
0.0114621984981
0.0105831964389
0.0096010572197
0.00852586479734
0.00736860270543
0.00614104208359
0.0048556221721
0.00352532448281
0.00216354191695
0.000783944147297
-0.000599659384521
-0.00197345748447
-0.00332377485915
-0.00463720803543
-0.00590075819805
-0.00710195963048
-0.00822900249211
-0.00927084872448
-0.010217339951
-0.0110592963174
-0.0117886053133
-0.0123982997177
-0.012882623921
-0.013237087996
-0.0134585090108
-0.0135450392081
-0.0134961808052
-0.0133127873036
-0.0129970513312
-0.012552479175
-0.0119838522935
-0.0112971762272
-0.0104996174497
-0.00959942882096
-0.00860586441551
-0.00752908460269
-0.00638005234988
-0.00517042180546
-0.00391242029155
-0.0026187248996
-0.00130233493227
2.35585266689e-05
0.00134570460782
0.0026509248979
0.00392624460998
0.00515902137836
0.00633707040153
0.00744878469603
0.00848324927652
0.00943034814028
0.0102808630095
0.0110265628695
0.011660283434
0.0121759957741
0.0125688634536
0.0128352876319
0.012972939718
0.0129807812803
0.0128590710482
0.0126093589699
0.012234467417
0.0117384597581
0.0111265966472
0.0104052804918
0.00958198868751
0.00866519631019
0.00766428906521
0.00658946738446
0.00545164264996
0.00426232659789
0.00303351502221
0.00177756695114
0.000507080511677
-0.000765233272684
-0.00202667748845
-0.00326469587545
-0.00446699764743
-0.00562167935073
-0.00671734255438
-0.00774320620968
-0.00868921257323
-0.00954612565422
-0.010305621224
-0.0109603675126
-0.0115040958107
-0.0119316603001
-0.0122390865428
-0.012423608174
-0.012483691463
-0.012419047527
-0.0122306321088
-0.011920632948
-0.0114924449065
-0.0109506331232
-0.0103008845962
-0.00954994870369
-0.00870556728317
-0.00777639499104
-0.00677191076097
-0.0057023212646
-0.00457845735639
-0.00341166455164
-0.00221368864371
-0.000996557611995
0.000227538993425
0.00144637198253
0.00264779455327
0.0038198632004
0.00495095630327
0.00602988921642
0.0070460247247
0.00798937777348
0.00885071344428
0.00962163721571
0.0102946766291
0.0108633535658
0.0113222464383
0.0116670417
0.0118945741862
0.0120028559103
0.0119910930576
0.0118596910333
0.0116102475459
0.0112455338204
0.01076946416
0.0101870541849
0.00950436819284
0.00872845619135
0.00786728125386
0.00692963794664
0.00592506266061
0.00486373676087
0.00375638353619
0.00261415998993
0.00144854456324
0.000271221918739
-0.000906034059781
-0.00207147788175
-0.00321350950447
-0.00432078966288
-0.00538235232908
-0.00638771318744
-0.00732697305368
-0.00819091521892
-0.00897109576274
-0.00965992595162
-0.0102507459198
-0.0107378889187
-0.0111167355163
-0.0113837572299
-0.0115365491815
-0.0115738514757
-0.0114955591139
-0.0113027203718
-0.0109975236825
-0.0105832731842
-0.0100643531997
-0.00944618203024
-0.00873515554583
-0.00793858115971
-0.00706460286621
-0.00612211810981
-0.0051206873326
-0.00407043711852
-0.00298195791419
-0.00186619735837
-0.000734350292981
0.000402253440155
0.00153226229376
0.0026444162688
0.00372765899869
0.00477124754962
0.00576485884748
0.00669869167837
0.0075635632559
0.0083509994049
0.00905331747717
0.0096637011889
0.0101762666521
0.0105861189615
0.010889398794
0.0110833185789
0.0111661879007
0.0111374279067
0.010997574599
0.010748271004
0.0103922483207
0.00993329626223
0.0093762229081
0.00872680449261
0.00799172565068
0.00717851073878
0.00629544693499
0.00535149990293
0.00435622287672
0.0033196600877
0.0022522455081
0.00116469793133
6.79134427329e-05
-0.00102714364135
-0.00210955027583
-0.0031685335378
-0.00419357774246
-0.00517452876002
-0.00610169449979
-0.00696594056803
-0.00775878015654
-0.00847245727843
-0.00910002253567
-0.00963540067937
-0.0100734493071
-0.0104100081312
-0.0106419383473
-0.010767151732
-0.0107846292019
-0.0106944286716
-0.0104976821554
-0.0101965821642
-0.00979435755755
-0.00929523911284
-0.00870441517758
-0.00802797786816
-0.00727286037151
-0.00644676599381
-0.00555808968128
-0.00461583281146
-0.00362951211883
-0.00260906367519
-0.00156474289275
-0.000507021555167
0.000553517090566
0.00160628413123
0.00264079061699
0.0036467519706
0.00461419013797
0.00553353246629
0.00639570633086
0.00719222857617
0.0079152888904
0.00855782629473
0.00911359799952
0.0095772399566
0.00994431852161
0.0102113727297
0.010375946783
0.0104366124456
0.0103929811454
0.0102457056816
0.00999647154426
0.00964797795279
0.00920390882459
0.00866889398375
0.0080484610171
0.00734897827673
0.00657758961587
0.00574214152575
0.00485110341574
0.00391348184564
0.002938729578
0.00193665036758
0.000917300446457
-0.000109112306493
-0.00113233050146
-0.00214214965783
-0.00312851988692
-0.00408164582472
-0.00499208382206
-0.00585083542847
-0.00664943624538
-0.00738003927188
-0.00803549192349
-0.00860940596863
-0.00909621969984
-0.00949125173572
-0.00979074593399
-0.00999190698579
-0.0100929263552
-0.0100929983251
-0.00999232600854
-0.00979211728707
-0.00949457073594
-0.00910285169696
-0.00862105875752
-0.00805418098913
-0.00740804639055
-0.00668926206722
-0.00590514675993
